004
007
011
015
028
033
035
036
039
041
042
044
046
048
052
054
059
061
063
064
066
068
069
076
080
081
083
084
085
086
087
091
092
094
095
099
1000
1002
1004
1005
1016
1022
1025
1029
1031
1033
1037
1041
1043
1047
1048
1051
1053
105
109
1107
1109
110
1115
1121
1122
1123
1128
1134
1135
114
115
116
117
118
120
123
124
128
129
132
137
138
139
140
141
142
143
144
145
152
153
154
156
158
163
165
166
171
173
174
176
177
178
181
182
183
184
187
189
191
192
194
195
197
201
203
205
216
217
218
220
221
222
223
225
226
227
238
239
240
241
243
246
249
250
254
255
257
258
261
269
271
273
274
275
276
278
279
282
283
284
285
286
288
289
290
291
292
293
294
296
297
305
307
309
310
312
314
316
318
323
324
325
326
332
334
336
